function [c] = velMap192()
% VELMAP192 Returns an RGB-matrix with 192 colours useful for a color map.

% Precalculated colormap values which makes a velocity image easier to
% interpret. 
c=[0,0,1;0,0,0.990425531914894;0,0,0.980851063829787;0,0,0.971276595744681;0,0,0.961702127659574;0,0,0.952127659574468;0,0,0.942553191489362;0,0,0.932978723404255;0,0,0.923404255319149;0,0,0.913829787234043;0,0,0.904255319148936;0,0,0.894680851063830;0,0,0.885106382978723;0,0,0.875531914893617;0,0,0.865957446808511;0,0,0.856382978723404;0,0,0.846808510638298;0,0,0.837234042553191;0,0,0.827659574468085;0,0,0.818085106382979;0,0,0.808510638297872;0,0,0.798936170212766;0,0,0.789361702127660;0,0,0.779787234042553;0,0,0.770212765957447;0,0,0.760638297872340;0,0,0.751063829787234;0,0,0.741489361702128;0,0,0.731914893617021;0,0,0.722340425531915;0,0,0.712765957446809;0,0,0.703191489361702;0,0,0.693617021276596;0,0,0.684042553191489;0,0,0.674468085106383;0,0,0.664893617021277;0,0,0.655319148936170;0,0,0.645744680851064;0,0,0.636170212765957;0,0,0.626595744680851;0,0,0.617021276595745;0,0,0.607446808510638;0,0,0.597872340425532;0,0,0.588297872340426;0,0,0.578723404255319;0,0,0.569148936170213;0,0,0.559574468085107;0,0,0.550000000000000;0,0,0.540425531914894;0,0,0.530851063829787;0,0,0.521276595744681;0,0,0.511702127659575;0,0,0.502127659574468;0,0,0.492553191489362;0,0,0.482978723404255;0,0,0.473404255319149;0,0,0.463829787234043;0,0,0.454255319148936;0,0,0.444680851063830;0,0,0.435106382978723;0,0,0.425531914893617;0,0,0.415957446808511;0,0,0.406382978723404;0,0,0.396808510638298;0,0,0.387234042553192;0,0,0.377659574468085;0,0,0.368085106382979;0,0,0.358510638297872;0,0,0.348936170212766;0,0,0.339361702127660;0,0,0.329787234042553;0,0,0.320212765957447;0,0,0.310638297872340;0,0,0.301063829787234;0,0,0.291489361702128;0,0,0.281914893617021;0,0,0.272340425531915;0,0,0.262765957446809;0,0,0.253191489361702;0,0,0.243617021276596;0,0,0.234042553191489;0,0,0.224468085106383;0,0,0.214893617021277;0,0,0.205319148936170;0,0,0.195744680851064;0,0,0.186170212765957;0,0,0.176595744680851;0,0,0.167021276595745;0,0,0.157446808510638;0,0,0.147872340425532;0,0,0.138297872340426;0,0,0.128723404255319;0,0,0.119148936170213;0,0,0.109574468085106;0,0,0.100000000000000;0,0,0;0,0,0;0.100000000000000,0,0;0.109574468085106,0,0;0.119148936170213,0,0;0.128723404255319,0,0;0.138297872340426,0,0;0.147872340425532,0,0;0.157446808510638,0,0;0.167021276595745,0,0;0.176595744680851,0,0;0.186170212765957,0,0;0.195744680851064,0,0;0.205319148936170,0,0;0.214893617021277,0,0;0.224468085106383,0,0;0.234042553191489,0,0;0.243617021276596,0,0;0.253191489361702,0,0;0.262765957446809,0,0;0.272340425531915,0,0;0.281914893617021,0,0;0.291489361702128,0,0;0.301063829787234,0,0;0.310638297872340,0,0;0.320212765957447,0,0;0.329787234042553,0,0;0.339361702127660,0,0;0.348936170212766,0,0;0.358510638297872,0,0;0.368085106382979,0,0;0.377659574468085,0,0;0.387234042553192,0,0;0.396808510638298,0,0;0.406382978723404,0,0;0.415957446808511,0,0;0.425531914893617,0,0;0.435106382978723,0,0;0.444680851063830,0,0;0.454255319148936,0,0;0.463829787234043,0,0;0.473404255319149,0,0;0.482978723404255,0,0;0.492553191489362,0,0;0.502127659574468,0,0;0.511702127659575,0,0;0.521276595744681,0,0;0.530851063829787,0,0;0.540425531914894,0,0;0.550000000000000,0,0;0.559574468085107,0,0;0.569148936170213,0,0;0.578723404255319,0,0;0.588297872340426,0,0;0.597872340425532,0,0;0.607446808510638,0,0;0.617021276595745,0,0;0.626595744680851,0,0;0.636170212765957,0,0;0.645744680851064,0,0;0.655319148936170,0,0;0.664893617021277,0,0;0.674468085106383,0,0;0.684042553191489,0,0;0.693617021276596,0,0;0.703191489361702,0,0;0.712765957446809,0,0;0.722340425531915,0,0;0.731914893617021,0,0;0.741489361702128,0,0;0.751063829787234,0,0;0.760638297872340,0,0;0.770212765957447,0,0;0.779787234042553,0,0;0.789361702127660,0,0;0.798936170212766,0,0;0.808510638297872,0,0;0.818085106382979,0,0;0.827659574468085,0,0;0.837234042553191,0,0;0.846808510638298,0,0;0.856382978723404,0,0;0.865957446808511,0,0;0.875531914893617,0,0;0.885106382978723,0,0;0.894680851063830,0,0;0.904255319148936,0,0;0.913829787234043,0,0;0.923404255319149,0,0;0.932978723404255,0,0;0.942553191489362,0,0;0.952127659574468,0,0;0.961702127659575,0,0;0.971276595744681,0,0;0.980851063829787,0,0;0.990425531914894,0,0;1,0,0;];
end

